    3.20    2.75    3.20    2.61    2.22    1.19    1.11    0.72
    2.58    2.14    2.58    1.94    1.52    0.73    0.98    0.35
    4.40    3.78    4.40    3.03    2.47    1.67    1.72    1.22
    2.54    3.07    2.54    2.68    2.18    2.29    2.00    1.80
    9.18    8.74    9.18    8.25    7.36    6.50    5.72    5.80
   11.78   10.76   11.78    9.95    8.90    8.76    7.77    8.40
    9.08    9.15    9.08    9.15    6.70    6.33    5.36    5.71
   17.39   18.07   17.39   16.22   15.20   12.73   10.35   11.17
    7.91    7.34    7.91    6.28    5.13    4.58    3.67    3.37
    4.40    5.43    4.40    4.94    4.22    2.88    2.45    2.20
    2.83    2.76    2.83    4.24    2.48    1.69    1.39    1.21
    3.37    3.16    3.37    3.53    2.63    1.44    1.70    1.21
